⁴ 8
¹· 8
δ8
e'-m- Ι
.

, - ἱ
antemna-,mmm «nereum Μ’ 8.
881. 88 88881818 8181881818 88181881888 8188818188. 8. 811-888. 1188. ,
818. animumanimum 8.888-’81.1881188.’888
88888 88881188 8181 88888888 881888888 8.· ··’-881 888. 1188. 818. 08·
18188,8.888.8888881188188888, 1888188188. 8 888-881. 18888· ·

' 8188188, 118888 18 nenton, 8 188-888. 88 8881111818, 8 881. 8818·

81188. 888-888.1188.8881188188881118888181888888,8.88.1188. ,

88 8888888118, 18. 88 881818 8888 8888188. 8. 888-818. 18 1188888·

118 Plutarcho 888881888818 81 883881888818 1188818188. 888 1188818·

1188818118 8181888888 8881818 8. 818-818. 18 1888 8181818888188 8188·

888 81881888 8818 88 18888188 88181888 811 8181888888 8881188.18

888. 81. 88 81818 18 8818818 8181881818, 881 8888188 8181888888 8881
8818818881888881, 881188 8181888818811811888888888888 818·

188 88818 81188 8888 88818 88888181 888811, 8118888 8883181188 8. 818.

Deinde 8818-880. 818188 8888118811. 11888888. 118818, 8. 881. 881188. ,

88 88888811. vene.. 88 8818888 8881811. 8888888, 88 888188. 88118818, 88

88. 1. 88 11888888 88 venene. 81 881818ιῇ 88. 88 888888. 88 818·

. 1888, 8. 188. 888811. 8811888888 18888888, 81881818 88 888· ’

888. 8188 81818. 81 818888118 8888818888 8888888188. 8. 818-881.

818188 en 8818 88818888 888888188, 81 8881-118. 1888888888188188,

888 8888 81888818 8888 885881888888. 8. 888. 8881888 88881888 88·

11188 888818, 81888888 8188188, 18888888 (11881881 818888·

. ,88888 81 88 88888 88188888 88888118) 81 Δ 8818888 888888 1888 88-
118888 8888 1118888188 eene 8888188, 888 81818888, 1118888
11888188, 11888818888 81 ,88118888 88881188 88888888· 888

88118888.

 

